start=736.569000
volume=54.000000
