start=1021.787000
volume=56.000000
fullscreen=yes
