start=1204.703000
volume=48.000000
fullscreen=yes
