start=1834.799000
volume=34.000000
fullscreen=yes
